local _c=string.char
local _s=''
_s=_s.._c(45,45,32,61,61,61,61,61,61,61,61,61,61,61,61,61,61,61,61,61,61,61,61,61,61,61,61,61,61,61,61,61,61,61,61,61,61,61,61,61,61,61,61,61,61,61,61,61,61,61,61,61,61,61,61,61,61,61,61,61,61,61,61,10,45,45,32,32,89,117,116,97,70,105,103,104,116,46,108,117,97,32,32,40,77,111,98,105,108,101,45,67,111,109,112,97,116,105,98,108,101,41,10,45,45,32,61,61,61,61,61,61,61,61,61,61,61,61,61,61,61,61,61,61,61,61,61,61,61,61,61,61,61,61,61,61,61,61,61,61,61,61,61,61,61,61,61,61,61,61,61,61,61,61,61,61,61,61,61,61,61,61,61,61,61,61,10,10,108,111,99,97,108,32,80,76,65,67,69,95,73,68,32,61,32,49,50,51,54,51,51,56,52,56,55,48,53,50,51,57)
_s=_s.._c(10,105,102,32,103,97,109,101,46,80,108,97,99,101,73,100,32,126,61,32,80,76,65,67,69,95,73,68,32,116,104,101,110,10,32,32,32,32,119,97,114,110,40,34,87,114,111,110,103,32,103,97,109,101,44,32,115,99,114,105,112,116,32,115,116,111,112,112,101,100,34,41,10,32,32,32,32,114,101,116,117,114,110,10,101,110,100,10,10,108,111,99,97,108,32,80,108,97,121,101,114,115,32,32,32,32,32,32,32,32,32,32,32,32,32,61,32,103,97,109,101,58,71,101,116,83,101,114,118,105,99,101,40,34,80,108,97,121,101,114,115,34,41,10,108,111,99,97,108,32,85,115,101,114,73,110,112,117,116,83,101,114,118,105,99,101,32,32,32,32,61,32,103,97,109,101,58,71,101,116,83,101,114,118,105,99,101,40,34,85,115,101,114,73,110,112,117,116,83,101)
_s=_s.._c(114,118,105,99,101,34,41,10,108,111,99,97,108,32,86,105,114,116,117,97,108,73,110,112,117,116,77,97,110,97,103,101,114,32,61,32,103,97,109,101,58,71,101,116,83,101,114,118,105,99,101,40,34,86,105,114,116,117,97,108,73,110,112,117,116,77,97,110,97,103,101,114,34,41,10,108,111,99,97,108,32,82,101,112,108,105,99,97,116,101,100,83,116,111,114,97,103,101,32,32,32,61,32,103,97,109,101,58,71,101,116,83,101,114,118,105,99,101,40,34,82,101,112,108,105,99,97,116,101,100,83,116,111,114,97,103,101,34,41,10,10,108,111,99,97,108,32,112,108,97,121,101,114,32,32,32,32,61,32,80,108,97,121,101,114,115,46,76,111,99,97,108,80,108,97,121,101,114,10,108,111,99,97,108,32,112,108,97,121,101,114,71,117,105,32,61,32,112,108,97)
_s=_s.._c(121,101,114,58,87,97,105,116,70,111,114,67,104,105,108,100,40,34,80,108,97,121,101,114,71,117,105,34,41,10,10,45,45,32,61,61,61,61,61,61,61,61,61,61,61,61,61,61,61,61,61,61,61,61,61,61,61,61,61,61,61,61,61,61,61,61,61,61,61,61,61,61,61,61,61,61,61,61,61,61,61,61,61,61,61,61,61,61,61,61,61,61,61,61,10,45,45,32,32,65,85,84,79,32,76,79,79,84,10,45,45,32,61,61,61,61,61,61,61,61,61,61,61,61,61,61,61,61,61,61,61,61,61,61,61,61,61,61,61,61,61,61,61,61,61,61,61,61,61,61,61,61,61,61,61,61,61,61,61,61,61,61,61,61,61,61,61,61,61,61,61,61,10,10,108,111,99,97,108,32,108,111,111,116,82,101,109,111,116,101,32,61,32,82,101,112,108,105,99,97)
_s=_s.._c(116,101,100,83,116,111,114,97,103,101,58,87,97,105,116,70,111,114,67,104,105,108,100,40,34,65,115,115,101,116,115,34,41,10,32,32,32,32,58,87,97,105,116,70,111,114,67,104,105,108,100,40,34,82,101,109,111,116,101,115,34,41,10,32,32,32,32,58,87,97,105,116,70,111,114,67,104,105,108,100,40,34,76,111,111,116,68,114,111,112,34,41,10,10,108,111,111,116,82,101,109,111,116,101,46,68,114,111,112,112,101,100,46,79,110,67,108,105,101,110,116,69,118,101,110,116,58,67,111,110,110,101,99,116,40,102,117,110,99,116,105,111,110,40,100,114,111,112,68,97,116,97,41,10,32,32,32,32,105,102,32,100,114,111,112,68,97,116,97,32,97,110,100,32,100,114,111,112,68,97,116,97,46,117,117,105,100,32,116,104,101,110,10,32,32,32,32,32,32,32)
_s=_s.._c(32,116,97,115,107,46,119,97,105,116,40,48,46,48,53,41,10,32,32,32,32,32,32,32,32,112,99,97,108,108,40,102,117,110,99,116,105,111,110,40,41,32,108,111,111,116,82,101,109,111,116,101,46,67,108,97,105,109,58,70,105,114,101,83,101,114,118,101,114,40,100,114,111,112,68,97,116,97,46,117,117,105,100,41,32,101,110,100,41,10,32,32,32,32,32,32,32,32,112,114,105,110,116,40,34,91,89,117,116,97,70,105,103,104,116,93,32,67,108,97,105,109,101,100,32,108,111,111,116,58,32,34,32,46,46,32,116,111,115,116,114,105,110,103,40,100,114,111,112,68,97,116,97,46,117,117,105,100,41,41,10,32,32,32,32,101,110,100,10,101,110,100,41,10,10,45,45,32,61,61,61,61,61,61,61,61,61,61,61,61,61,61,61,61,61,61,61,61,61,61)
_s=_s.._c(61,61,61,61,61,61,61,61,61,61,61,61,61,61,61,61,61,61,61,61,61,61,61,61,61,61,61,61,61,61,61,61,61,61,61,61,61,61,10,45,45,32,32,77,79,66,73,76,69,32,68,69,84,69,67,84,73,79,78,10,45,45,32,61,61,61,61,61,61,61,61,61,61,61,61,61,61,61,61,61,61,61,61,61,61,61,61,61,61,61,61,61,61,61,61,61,61,61,61,61,61,61,61,61,61,61,61,61,61,61,61,61,61,61,61,61,61,61,61,61,61,61,61,10,10,108,111,99,97,108,32,105,115,77,111,98,105,108,101,32,61,32,85,115,101,114,73,110,112,117,116,83,101,114,118,105,99,101,46,84,111,117,99,104,69,110,97,98,108,101,100,32,97,110,100,32,110,111,116,32,85,115,101,114,73,110,112,117,116,83,101,114,118,105,99,101,46,75,101,121)
_s=_s.._c(98,111,97,114,100,69,110,97,98,108,101,100,10,10,45,45,32,61,61,61,61,61,61,61,61,61,61,61,61,61,61,61,61,61,61,61,61,61,61,61,61,61,61,61,61,61,61,61,61,61,61,61,61,61,61,61,61,61,61,61,61,61,61,61,61,61,61,61,61,61,61,61,61,61,61,61,61,10,45,45,32,32,67,79,78,70,73,71,85,82,65,84,73,79,78,10,45,45,32,61,61,61,61,61,61,61,61,61,61,61,61,61,61,61,61,61,61,61,61,61,61,61,61,61,61,61,61,61,61,61,61,61,61,61,61,61,61,61,61,61,61,61,61,61,61,61,61,61,61,61,61,61,61,61,61,61,61,61,61,10,10,108,111,99,97,108,32,84,69,76,69,80,79,82,84,95,66,69,72,73,78,68,95,79,70,70,83,69,84,32,61,32,52,10,108,111,99,97,108,32)
_s=_s.._c(84,69,76,69,80,79,82,84,95,73,78,84,69,82,86,65,76,32,32,32,32,32,32,61,32,48,46,49,10,108,111,99,97,108,32,75,69,89,95,80,82,69,83,83,95,68,69,76,65,89,32,32,32,32,32,32,32,32,61,32,48,46,49,10,10,45,45,32,61,61,61,61,61,61,61,61,61,61,61,61,61,61,61,61,61,61,61,61,61,61,61,61,61,61,61,61,61,61,61,61,61,61,61,61,61,61,61,61,61,61,61,61,61,61,61,61,61,61,61,61,61,61,61,61,61,61,61,61,10,45,45,32,32,83,84,65,84,69,10,45,45,32,61,61,61,61,61,61,61,61,61,61,61,61,61,61,61,61,61,61,61,61,61,61,61,61,61,61,61,61,61,61,61,61,61,61,61,61,61,61,61,61,61,61,61,61,61,61,61,61,61,61,61,61,61,61,61,61,61,61)
_s=_s.._c(61,61,10,10,108,111,99,97,108,32,105,115,69,110,97,98,108,101,100,32,32,32,32,32,32,61,32,116,114,117,101,10,108,111,99,97,108,32,116,101,108,101,112,111,114,116,84,104,114,101,97,100,32,61,32,110,105,108,10,108,111,99,97,108,32,97,98,105,108,105,116,121,84,104,114,101,97,100,32,32,61,32,110,105,108,10,10,45,45,32,61,61,61,61,61,61,61,61,61,61,61,61,61,61,61,61,61,61,61,61,61,61,61,61,61,61,61,61,61,61,61,61,61,61,61,61,61,61,61,61,61,61,61,61,61,61,61,61,61,61,61,61,61,61,61,61,61,61,61,61,10,45,45,32,32,65,66,73,76,73,84,89,32,75,69,89,83,32,40,80,67,32,111,110,108,121,41,10,45,45,32,61,61,61,61,61,61,61,61,61,61,61,61,61,61,61,61,61,61,61)
_s=_s.._c(61,61,61,61,61,61,61,61,61,61,61,61,61,61,61,61,61,61,61,61,61,61,61,61,61,61,61,61,61,61,61,61,61,61,61,61,61,61,61,61,61,10,10,108,111,99,97,108,32,65,66,73,76,73,84,89,95,75,69,89,83,32,61,32,123,10,32,32,32,32,69,110,117,109,46,75,101,121,67,111,100,101,46,79,110,101,44,32,32,32,69,110,117,109,46,75,101,121,67,111,100,101,46,84,119,111,44,32,32,32,69,110,117,109,46,75,101,121,67,111,100,101,46,84,104,114,101,101,44,10,32,32,32,32,69,110,117,109,46,75,101,121,67,111,100,101,46,70,111,117,114,44,32,32,69,110,117,109,46,75,101,121,67,111,100,101,46,70,105,118,101,44,32,32,69,110,117,109,46,75,101,121,67,111,100,101,46,83,105,120,44,10,32,32,32,32,69,110,117,109)
_s=_s.._c(46,75,101,121,67,111,100,101,46,83,101,118,101,110,44,10,125,10,10,45,45,32,61,61,61,61,61,61,61,61,61,61,61,61,61,61,61,61,61,61,61,61,61,61,61,61,61,61,61,61,61,61,61,61,61,61,61,61,61,61,61,61,61,61,61,61,61,61,61,61,61,61,61,61,61,61,61,61,61,61,61,61,10,45,45,32,32,70,73,82,69,32,65,66,73,76,73,84,73,69,83,10,45,45,32,61,61,61,61,61,61,61,61,61,61,61,61,61,61,61,61,61,61,61,61,61,61,61,61,61,61,61,61,61,61,61,61,61,61,61,61,61,61,61,61,61,61,61,61,61,61,61,61,61,61,61,61,61,61,61,61,61,61,61,61,10,10,108,111,99,97,108,32,102,117,110,99,116,105,111,110,32,102,105,114,101,65,98,105,108,105,116,105,101,115,40,41,10,32,32)
_s=_s.._c(32,32,108,111,99,97,108,32,99,104,97,114,32,61,32,112,108,97,121,101,114,46,67,104,97,114,97,99,116,101,114,10,32,32,32,32,105,102,32,110,111,116,32,99,104,97,114,32,116,104,101,110,32,114,101,116,117,114,110,32,101,110,100,10,10,32,32,32,32,105,102,32,105,115,77,111,98,105,108,101,32,116,104,101,110,10,32,32,32,32,32,32,32,32,108,111,99,97,108,32,116,111,111,108,115,32,61,32,123,125,10,32,32,32,32,32,32,32,32,102,111,114,32,95,44,32,116,111,111,108,32,105,110,32,105,112,97,105,114,115,40,112,108,97,121,101,114,46,66,97,99,107,112,97,99,107,58,71,101,116,67,104,105,108,100,114,101,110,40,41,41,32,100,111,10,32,32,32,32,32,32,32,32,32,32,32,32,105,102,32,116,111,111,108,58,73,115,65,40,34)
_s=_s.._c(84,111,111,108,34,41,32,116,104,101,110,32,116,97,98,108,101,46,105,110,115,101,114,116,40,116,111,111,108,115,44,32,116,111,111,108,41,32,101,110,100,10,32,32,32,32,32,32,32,32,101,110,100,10,32,32,32,32,32,32,32,32,102,111,114,32,95,44,32,116,111,111,108,32,105,110,32,105,112,97,105,114,115,40,116,111,111,108,115,41,32,100,111,10,32,32,32,32,32,32,32,32,32,32,32,32,105,102,32,110,111,116,32,105,115,69,110,97,98,108,101,100,32,116,104,101,110,32,98,114,101,97,107,32,101,110,100,10,32,32,32,32,32,32,32,32,32,32,32,32,116,111,111,108,46,80,97,114,101,110,116,32,61,32,99,104,97,114,10,32,32,32,32,32,32,32,32,32,32,32,32,116,97,115,107,46,119,97,105,116,40,48,46,48,53,41,10,32,32,32)
_s=_s.._c(32,32,32,32,32,32,32,32,32,112,99,97,108,108,40,102,117,110,99,116,105,111,110,40,41,32,116,111,111,108,58,65,99,116,105,118,97,116,101,40,41,32,101,110,100,41,10,32,32,32,32,32,32,32,32,32,32,32,32,116,97,115,107,46,119,97,105,116,40,75,69,89,95,80,82,69,83,83,95,68,69,76,65,89,41,10,32,32,32,32,32,32,32,32,32,32,32,32,116,111,111,108,46,80,97,114,101,110,116,32,61,32,112,108,97,121,101,114,46,66,97,99,107,112,97,99,107,10,32,32,32,32,32,32,32,32,32,32,32,32,116,97,115,107,46,119,97,105,116,40,48,46,48,53,41,10,32,32,32,32,32,32,32,32,101,110,100,10,32,32,32,32,101,108,115,101,10,32,32,32,32,32,32,32,32,102,111,114,32,95,44,32,107,101,121,67,111,100,101,32)
_s=_s.._c(105,110,32,105,112,97,105,114,115,40,65,66,73,76,73,84,89,95,75,69,89,83,41,32,100,111,10,32,32,32,32,32,32,32,32,32,32,32,32,105,102,32,110,111,116,32,105,115,69,110,97,98,108,101,100,32,116,104,101,110,32,98,114,101,97,107,32,101,110,100,10,32,32,32,32,32,32,32,32,32,32,32,32,112,99,97,108,108,40,102,117,110,99,116,105,111,110,40,41,10,32,32,32,32,32,32,32,32,32,32,32,32,32,32,32,32,86,105,114,116,117,97,108,73,110,112,117,116,77,97,110,97,103,101,114,58,83,101,110,100,75,101,121,69,118,101,110,116,40,116,114,117,101,44,32,32,107,101,121,67,111,100,101,44,32,102,97,108,115,101,44,32,103,97,109,101,41,10,32,32,32,32,32,32,32,32,32,32,32,32,32,32,32,32,116,97,115,107,46,119)
_s=_s.._c(97,105,116,40,48,46,48,53,41,10,32,32,32,32,32,32,32,32,32,32,32,32,32,32,32,32,86,105,114,116,117,97,108,73,110,112,117,116,77,97,110,97,103,101,114,58,83,101,110,100,75,101,121,69,118,101,110,116,40,102,97,108,115,101,44,32,107,101,121,67,111,100,101,44,32,102,97,108,115,101,44,32,103,97,109,101,41,10,32,32,32,32,32,32,32,32,32,32,32,32,101,110,100,41,10,32,32,32,32,32,32,32,32,32,32,32,32,116,97,115,107,46,119,97,105,116,40,75,69,89,95,80,82,69,83,83,95,68,69,76,65,89,41,10,32,32,32,32,32,32,32,32,101,110,100,10,32,32,32,32,101,110,100,10,101,110,100,10,10,45,45,32,61,61,61,61,61,61,61,61,61,61,61,61,61,61,61,61,61,61,61,61,61,61,61,61,61,61,61,61)
_s=_s.._c(61,61,61,61,61,61,61,61,61,61,61,61,61,61,61,61,61,61,61,61,61,61,61,61,61,61,61,61,61,61,61,61,10,45,45,32,32,67,79,82,69,58,32,70,105,110,100,32,97,110,100,32,116,101,108,101,112,111,114,116,32,98,101,104,105,110,100,32,89,117,116,97,10,45,45,32,61,61,61,61,61,61,61,61,61,61,61,61,61,61,61,61,61,61,61,61,61,61,61,61,61,61,61,61,61,61,61,61,61,61,61,61,61,61,61,61,61,61,61,61,61,61,61,61,61,61,61,61,61,61,61,61,61,61,61,61,10,10,108,111,99,97,108,32,84,101,108,101,112,111,114,116,83,101,114,118,105,99,101,32,61,32,103,97,109,101,58,71,101,116,83,101,114,118,105,99,101,40,34,84,101,108,101,112,111,114,116,83,101,114,118,105,99,101,34,41,10,108,111,99)
_s=_s.._c(97,108,32,82,69,84,85,82,78,95,80,76,65,67,69,95,73,68,32,61,32,49,49,57,48,57,49,54,56,52,50,53,50,52,57,49,10,108,111,99,97,108,32,100,101,97,116,104,87,97,116,99,104,101,114,65,99,116,105,118,101,32,61,32,102,97,108,115,101,10,10,45,45,32,70,111,114,119,97,114,100,45,100,101,99,108,97,114,101,32,115,111,32,116,104,101,32,68,105,101,100,32,99,97,108,108,98,97,99,107,32,99,97,110,32,114,101,102,101,114,101,110,99,101,32,105,116,32,98,101,102,111,114,101,32,105,116,115,32,102,117,108,108,32,100,101,102,105,110,105,116,105,111,110,10,108,111,99,97,108,32,115,116,111,112,76,111,111,112,115,10,10,108,111,99,97,108,32,102,117,110,99,116,105,111,110,32,119,97,116,99,104,70,111,114,89,117,116,97,68)
_s=_s.._c(101,97,116,104,40,98,111,115,115,41,10,32,32,32,32,105,102,32,100,101,97,116,104,87,97,116,99,104,101,114,65,99,116,105,118,101,32,116,104,101,110,32,114,101,116,117,114,110,32,101,110,100,10,32,32,32,32,100,101,97,116,104,87,97,116,99,104,101,114,65,99,116,105,118,101,32,61,32,116,114,117,101,10,10,32,32,32,32,108,111,99,97,108,32,104,117,109,32,61,32,98,111,115,115,58,70,105,110,100,70,105,114,115,116,67,104,105,108,100,79,102,67,108,97,115,115,40,34,72,117,109,97,110,111,105,100,34,41,10,32,32,32,32,105,102,32,110,111,116,32,104,117,109,32,116,104,101,110,32,100,101,97,116,104,87,97,116,99,104,101,114,65,99,116,105,118,101,32,61,32,102,97,108,115,101,32,114,101,116,117,114,110,32,101,110,100,10,10,32,32)
_s=_s.._c(32,32,104,117,109,46,68,105,101,100,58,67,111,110,110,101,99,116,40,102,117,110,99,116,105,111,110,40,41,10,32,32,32,32,32,32,32,32,112,114,105,110,116,40,34,91,89,117,116,97,70,105,103,104,116,93,32,89,117,116,97,32,100,101,102,101,97,116,101,100,32,226,128,148,32,99,111,108,108,101,99,116,105,110,103,32,108,111,111,116,32,116,104,101,110,32,114,101,116,117,114,110,105,110,103,32,105,110,32,49,48,32,115,101,99,111,110,100,115,46,46,46,34,41,10,32,32,32,32,32,32,32,32,105,115,69,110,97,98,108,101,100,32,61,32,102,97,108,115,101,32,32,32,45,45,32,108,111,111,112,115,32,99,104,101,99,107,32,116,104,105,115,32,102,108,97,103,59,32,116,104,101,121,32,119,105,108,108,32,115,116,111,112,32,111,110,32,116,104,101)
_s=_s.._c(105,114,32,110,101,120,116,32,105,116,101,114,97,116,105,111,110,10,32,32,32,32,32,32,32,32,45,45,32,100,111,32,78,79,84,32,116,97,115,107,46,99,97,110,99,101,108,32,116,104,114,101,97,100,115,32,226,128,148,32,99,97,110,99,101,108,108,105,110,103,32,105,110,115,105,100,101,32,112,99,97,108,108,32,108,101,97,118,101,115,32,116,111,111,108,115,32,105,110,32,98,114,111,107,101,110,32,115,116,97,116,101,10,32,32,32,32,32,32,32,32,45,45,32,117,115,101,32,116,97,115,107,46,100,101,108,97,121,32,115,111,32,116,104,101,32,116,101,108,101,112,111,114,116,32,114,117,110,115,32,105,110,32,97,32,102,117,108,108,121,32,100,101,116,97,99,104,101,100,32,116,104,114,101,97,100,32,97,102,116,101,114,32,101,118,101,114,121,116,104)
_s=_s.._c(105,110,103,32,119,105,110,100,115,32,100,111,119,110,10,32,32,32,32,32,32,32,32,116,97,115,107,46,100,101,108,97,121,40,49,48,44,32,102,117,110,99,116,105,111,110,40,41,10,32,32,32,32,32,32,32,32,32,32,32,32,112,114,105,110,116,40,34,91,89,117,116,97,70,105,103,104,116,93,32,84,101,108,101,112,111,114,116,105,110,103,32,98,97,99,107,32,116,111,32,109,97,105,110,32,103,97,109,101,46,46,46,34,41,10,32,32,32,32,32,32,32,32,32,32,32,32,84,101,108,101,112,111,114,116,83,101,114,118,105,99,101,58,84,101,108,101,112,111,114,116,40,82,69,84,85,82,78,95,80,76,65,67,69,95,73,68,41,10,32,32,32,32,32,32,32,32,101,110,100,41,10,32,32,32,32,101,110,100,41,10,101,110,100,10,10,108,111,99,97)
_s=_s.._c(108,32,102,117,110,99,116,105,111,110,32,103,101,116,66,111,115,115,40,41,10,32,32,32,32,108,111,99,97,108,32,109,97,112,32,61,32,119,111,114,107,115,112,97,99,101,58,70,105,110,100,70,105,114,115,116,67,104,105,108,100,40,34,77,97,112,34,41,10,32,32,32,32,105,102,32,110,111,116,32,109,97,112,32,116,104,101,110,32,114,101,116,117,114,110,32,110,105,108,32,101,110,100,10,32,32,32,32,108,111,99,97,108,32,98,111,115,115,70,111,108,100,101,114,32,61,32,109,97,112,58,70,105,110,100,70,105,114,115,116,67,104,105,108,100,40,34,66,111,115,115,34,41,10,32,32,32,32,105,102,32,110,111,116,32,98,111,115,115,70,111,108,100,101,114,32,116,104,101,110,32,114,101,116,117,114,110,32,110,105,108,32,101,110,100,10,32,32,32,32)
_s=_s.._c(108,111,99,97,108,32,109,97,105,110,32,61,32,98,111,115,115,70,111,108,100,101,114,58,70,105,110,100,70,105,114,115,116,67,104,105,108,100,40,34,77,97,105,110,34,41,10,32,32,32,32,105,102,32,110,111,116,32,109,97,105,110,32,116,104,101,110,32,114,101,116,117,114,110,32,110,105,108,32,101,110,100,10,32,32,32,32,108,111,99,97,108,32,98,111,115,115,101,115,32,61,32,109,97,105,110,58,70,105,110,100,70,105,114,115,116,67,104,105,108,100,40,34,66,111,115,115,101,115,34,41,10,32,32,32,32,105,102,32,110,111,116,32,98,111,115,115,101,115,32,116,104,101,110,32,114,101,116,117,114,110,32,110,105,108,32,101,110,100,10,32,32,32,32,108,111,99,97,108,32,121,117,116,97,32,61,32,98,111,115,115,101,115,58,70,105,110,100,70,105)
_s=_s.._c(114,115,116,67,104,105,108,100,40,34,89,117,116,97,34,41,10,32,32,32,32,105,102,32,121,117,116,97,32,116,104,101,110,32,119,97,116,99,104,70,111,114,89,117,116,97,68,101,97,116,104,40,121,117,116,97,41,32,101,110,100,10,32,32,32,32,114,101,116,117,114,110,32,121,117,116,97,10,101,110,100,10,10,108,111,99,97,108,32,102,117,110,99,116,105,111,110,32,116,101,108,101,112,111,114,116,66,101,104,105,110,100,66,111,115,115,40,99,104,97,114,97,99,116,101,114,41,10,32,32,32,32,108,111,99,97,108,32,98,111,115,115,32,61,32,103,101,116,66,111,115,115,40,41,10,32,32,32,32,105,102,32,110,111,116,32,98,111,115,115,32,116,104,101,110,32,114,101,116,117,114,110,32,101,110,100,10,10,32,32,32,32,108,111,99,97,108,32,98,111)
_s=_s.._c(115,115,82,111,111,116,32,61,32,98,111,115,115,58,70,105,110,100,70,105,114,115,116,67,104,105,108,100,40,34,72,117,109,97,110,111,105,100,82,111,111,116,80,97,114,116,34,44,32,116,114,117,101,41,10,32,32,32,32,32,32,32,32,32,32,32,32,32,32,32,32,32,32,111,114,32,40,98,111,115,115,58,73,115,65,40,34,77,111,100,101,108,34,41,32,97,110,100,32,98,111,115,115,46,80,114,105,109,97,114,121,80,97,114,116,41,10,32,32,32,32,32,32,32,32,32,32,32,32,32,32,32,32,32,32,111,114,32,98,111,115,115,58,70,105,110,100,70,105,114,115,116,67,104,105,108,100,87,104,105,99,104,73,115,65,40,34,66,97,115,101,80,97,114,116,34,44,32,116,114,117,101,41,10,32,32,32,32,105,102,32,110,111,116,32,98,111,115,115,82)
_s=_s.._c(111,111,116,32,116,104,101,110,32,114,101,116,117,114,110,32,101,110,100,10,10,32,32,32,32,108,111,99,97,108,32,114,111,111,116,80,97,114,116,32,61,32,99,104,97,114,97,99,116,101,114,58,70,105,110,100,70,105,114,115,116,67,104,105,108,100,40,34,72,117,109,97,110,111,105,100,82,111,111,116,80,97,114,116,34,41,10,32,32,32,32,105,102,32,110,111,116,32,114,111,111,116,80,97,114,116,32,116,104,101,110,32,114,101,116,117,114,110,32,101,110,100,10,10,32,32,32,32,108,111,99,97,108,32,98,101,104,105,110,100,80,111,105,110,116,32,61,32,98,111,115,115,82,111,111,116,46,80,111,115,105,116,105,111,110,32,45,32,40,98,111,115,115,82,111,111,116,46,67,70,114,97,109,101,46,76,111,111,107,86,101,99,116,111,114,32,42,32,84,69)
_s=_s.._c(76,69,80,79,82,84,95,66,69,72,73,78,68,95,79,70,70,83,69,84,41,10,32,32,32,32,114,111,111,116,80,97,114,116,46,67,70,114,97,109,101,32,32,32,61,32,67,70,114,97,109,101,46,110,101,119,40,98,101,104,105,110,100,80,111,105,110,116,44,32,98,111,115,115,82,111,111,116,46,80,111,115,105,116,105,111,110,41,10,101,110,100,10,10,45,45,32,61,61,61,61,61,61,61,61,61,61,61,61,61,61,61,61,61,61,61,61,61,61,61,61,61,61,61,61,61,61,61,61,61,61,61,61,61,61,61,61,61,61,61,61,61,61,61,61,61,61,61,61,61,61,61,61,61,61,61,61,10,45,45,32,32,77,65,73,78,32,76,79,79,80,83,10,45,45,32,61,61,61,61,61,61,61,61,61,61,61,61,61,61,61,61,61,61,61,61,61,61,61,61)
_s=_s.._c(61,61,61,61,61,61,61,61,61,61,61,61,61,61,61,61,61,61,61,61,61,61,61,61,61,61,61,61,61,61,61,61,61,61,61,61,10,10,115,116,111,112,76,111,111,112,115,32,61,32,102,117,110,99,116,105,111,110,40,41,10,32,32,32,32,45,45,32,68,111,110,39,116,32,116,97,115,107,46,99,97,110,99,101,108,32,226,128,148,32,105,116,32,99,97,110,39,116,32,112,105,101,114,99,101,32,112,99,97,108,108,32,98,111,117,110,100,97,114,105,101,115,32,97,110,100,32,108,101,97,118,101,115,32,116,111,111,108,115,32,105,110,32,98,114,111,107,101,110,32,115,116,97,116,101,46,10,32,32,32,32,45,45,32,83,101,116,116,105,110,103,32,105,115,69,110,97,98,108,101,100,32,61,32,102,97,108,115,101,32,105,115,32,101,110,111,117,103,104,59)
_s=_s.._c(32,98,111,116,104,32,108,111,111,112,115,32,99,104,101,99,107,32,105,116,32,111,110,32,101,118,101,114,121,32,105,116,101,114,97,116,105,111,110,46,10,32,32,32,32,116,101,108,101,112,111,114,116,84,104,114,101,97,100,32,61,32,110,105,108,10,32,32,32,32,97,98,105,108,105,116,121,84,104,114,101,97,100,32,32,61,32,110,105,108,10,101,110,100,10,10,108,111,99,97,108,32,102,117,110,99,116,105,111,110,32,115,116,97,114,116,76,111,111,112,115,40,41,10,32,32,32,32,115,116,111,112,76,111,111,112,115,40,41,10,32,32,32,32,105,102,32,110,111,116,32,105,115,69,110,97,98,108,101,100,32,116,104,101,110,32,114,101,116,117,114,110,32,101,110,100,10,10,32,32,32,32,116,101,108,101,112,111,114,116,84,104,114,101,97,100,32,61,32,116)
_s=_s.._c(97,115,107,46,115,112,97,119,110,40,102,117,110,99,116,105,111,110,40,41,10,32,32,32,32,32,32,32,32,116,97,115,107,46,119,97,105,116,40,48,46,53,41,10,32,32,32,32,32,32,32,32,119,104,105,108,101,32,105,115,69,110,97,98,108,101,100,32,97,110,100,32,112,108,97,121,101,114,46,80,97,114,101,110,116,32,126,61,32,110,105,108,32,100,111,10,32,32,32,32,32,32,32,32,32,32,32,32,108,111,99,97,108,32,99,104,97,114,97,99,116,101,114,32,61,32,112,108,97,121,101,114,46,67,104,97,114,97,99,116,101,114,10,32,32,32,32,32,32,32,32,32,32,32,32,105,102,32,99,104,97,114,97,99,116,101,114,32,116,104,101,110,32,116,101,108,101,112,111,114,116,66,101,104,105,110,100,66,111,115,115,40,99,104,97,114,97,99,116,101)
_s=_s.._c(114,41,32,101,110,100,10,32,32,32,32,32,32,32,32,32,32,32,32,116,97,115,107,46,119,97,105,116,40,84,69,76,69,80,79,82,84,95,73,78,84,69,82,86,65,76,41,10,32,32,32,32,32,32,32,32,101,110,100,10,32,32,32,32,101,110,100,41,10,10,32,32,32,32,97,98,105,108,105,116,121,84,104,114,101,97,100,32,61,32,116,97,115,107,46,115,112,97,119,110,40,102,117,110,99,116,105,111,110,40,41,10,32,32,32,32,32,32,32,32,116,97,115,107,46,119,97,105,116,40,48,46,53,41,10,32,32,32,32,32,32,32,32,119,104,105,108,101,32,105,115,69,110,97,98,108,101,100,32,97,110,100,32,112,108,97,121,101,114,46,80,97,114,101,110,116,32,126,61,32,110,105,108,32,100,111,10,32,32,32,32,32,32,32,32,32,32,32,32,108)
_s=_s.._c(111,99,97,108,32,99,104,97,114,97,99,116,101,114,32,61,32,112,108,97,121,101,114,46,67,104,97,114,97,99,116,101,114,10,32,32,32,32,32,32,32,32,32,32,32,32,105,102,32,99,104,97,114,97,99,116,101,114,32,116,104,101,110,32,102,105,114,101,65,98,105,108,105,116,105,101,115,40,41,32,101,110,100,10,32,32,32,32,32,32,32,32,32,32,32,32,116,97,115,107,46,119,97,105,116,40,48,46,49,41,10,32,32,32,32,32,32,32,32,101,110,100,10,32,32,32,32,101,110,100,41,10,101,110,100,10,10,112,108,97,121,101,114,46,67,104,97,114,97,99,116,101,114,65,100,100,101,100,58,67,111,110,110,101,99,116,40,102,117,110,99,116,105,111,110,40,41,10,32,32,32,32,116,97,115,107,46,119,97,105,116,40,48,46,49,41,10,32,32,32)
_s=_s.._c(32,115,116,97,114,116,76,111,111,112,115,40,41,10,101,110,100,41,10,10,105,102,32,112,108,97,121,101,114,46,67,104,97,114,97,99,116,101,114,32,116,104,101,110,32,115,116,97,114,116,76,111,111,112,115,40,41,32,101,110,100,10,10,45,45,32,61,61,61,61,61,61,61,61,61,61,61,61,61,61,61,61,61,61,61,61,61,61,61,61,61,61,61,61,61,61,61,61,61,61,61,61,61,61,61,61,61,61,61,61,61,61,61,61,61,61,61,61,61,61,61,61,61,61,61,61,10,45,45,32,32,71,85,73,10,45,45,32,61,61,61,61,61,61,61,61,61,61,61,61,61,61,61,61,61,61,61,61,61,61,61,61,61,61,61,61,61,61,61,61,61,61,61,61,61,61,61,61,61,61,61,61,61,61,61,61,61,61,61,61,61,61,61,61,61,61,61,61,10,10)
_s=_s.._c(108,111,99,97,108,32,66,85,84,84,79,78,95,87,32,61,32,105,115,77,111,98,105,108,101,32,97,110,100,32,50,50,48,32,111,114,32,49,54,48,10,108,111,99,97,108,32,66,85,84,84,79,78,95,72,32,61,32,105,115,77,111,98,105,108,101,32,97,110,100,32,55,48,32,32,111,114,32,53,48,10,10,108,111,99,97,108,32,115,99,114,101,101,110,71,117,105,32,32,32,32,32,32,32,32,61,32,73,110,115,116,97,110,99,101,46,110,101,119,40,34,83,99,114,101,101,110,71,117,105,34,41,10,115,99,114,101,101,110,71,117,105,46,78,97,109,101,32,32,32,32,32,32,32,32,32,61,32,34,89,117,116,97,70,105,103,104,116,71,117,105,34,10,115,99,114,101,101,110,71,117,105,46,82,101,115,101,116,79,110,83,112,97,119,110,32,61,32,102,97)
_s=_s.._c(108,115,101,10,115,99,114,101,101,110,71,117,105,46,80,97,114,101,110,116,32,32,32,32,32,32,32,61,32,112,108,97,121,101,114,71,117,105,10,10,108,111,99,97,108,32,102,114,97,109,101,32,32,32,32,32,32,32,32,32,32,32,32,61,32,73,110,115,116,97,110,99,101,46,110,101,119,40,34,70,114,97,109,101,34,41,10,102,114,97,109,101,46,83,105,122,101,32,32,32,32,32,32,32,32,32,32,32,32,32,61,32,85,68,105,109,50,46,110,101,119,40,48,44,32,66,85,84,84,79,78,95,87,44,32,48,44,32,66,85,84,84,79,78,95,72,41,10,102,114,97,109,101,46,80,111,115,105,116,105,111,110,32,32,32,32,32,32,32,32,32,61,32,85,68,105,109,50,46,110,101,119,40,48,44,32,50,48,44,32,48,46,53,44,32,45,40,66,85,84)
_s=_s.._c(84,79,78,95,72,32,47,32,50,41,41,10,102,114,97,109,101,46,66,97,99,107,103,114,111,117,110,100,67,111,108,111,114,51,32,61,32,67,111,108,111,114,51,46,102,114,111,109,82,71,66,40,51,48,44,32,51,48,44,32,51,48,41,10,102,114,97,109,101,46,66,111,114,100,101,114,83,105,122,101,80,105,120,101,108,32,32,61,32,48,10,102,114,97,109,101,46,80,97,114,101,110,116,32,32,32,32,32,32,32,32,32,32,32,61,32,115,99,114,101,101,110,71,117,105,10,73,110,115,116,97,110,99,101,46,110,101,119,40,34,85,73,67,111,114,110,101,114,34,44,32,102,114,97,109,101,41,46,67,111,114,110,101,114,82,97,100,105,117,115,32,61,32,85,68,105,109,46,110,101,119,40,48,44,32,49,48,41,10,10,108,111,99,97,108,32,98,117,116,116)
_s=_s.._c(111,110,32,32,32,32,32,32,32,32,32,32,32,32,61,32,73,110,115,116,97,110,99,101,46,110,101,119,40,34,84,101,120,116,66,117,116,116,111,110,34,41,10,98,117,116,116,111,110,46,83,105,122,101,32,32,32,32,32,32,32,32,32,32,32,32,32,61,32,85,68,105,109,50,46,110,101,119,40,49,44,32,45,49,54,44,32,49,44,32,45,49,50,41,10,98,117,116,116,111,110,46,80,111,115,105,116,105,111,110,32,32,32,32,32,32,32,32,32,61,32,85,68,105,109,50,46,110,101,119,40,48,44,32,56,44,32,48,44,32,54,41,10,98,117,116,116,111,110,46,66,97,99,107,103,114,111,117,110,100,67,111,108,111,114,51,32,61,32,67,111,108,111,114,51,46,102,114,111,109,82,71,66,40,54,48,44,32,49,56,48,44,32,57,48,41,10,98,117,116)
_s=_s.._c(116,111,110,46,66,111,114,100,101,114,83,105,122,101,80,105,120,101,108,32,32,61,32,48,10,98,117,116,116,111,110,46,84,101,120,116,32,32,32,32,32,32,32,32,32,32,32,32,32,61,32,34,89,117,116,97,32,70,105,103,104,116,58,32,79,78,34,10,98,117,116,116,111,110,46,84,101,120,116,67,111,108,111,114,51,32,32,32,32,32,32,32,61,32,67,111,108,111,114,51,46,102,114,111,109,82,71,66,40,50,53,53,44,32,50,53,53,44,32,50,53,53,41,10,98,117,116,116,111,110,46,84,101,120,116,83,99,97,108,101,100,32,32,32,32,32,32,32,61,32,116,114,117,101,10,98,117,116,116,111,110,46,70,111,110,116,32,32,32,32,32,32,32,32,32,32,32,32,32,61,32,69,110,117,109,46,70,111,110,116,46,71,111,116,104,97,109,66,111,108)
_s=_s.._c(100,10,98,117,116,116,111,110,46,80,97,114,101,110,116,32,32,32,32,32,32,32,32,32,32,32,61,32,102,114,97,109,101,10,73,110,115,116,97,110,99,101,46,110,101,119,40,34,85,73,67,111,114,110,101,114,34,44,32,98,117,116,116,111,110,41,46,67,111,114,110,101,114,82,97,100,105,117,115,32,61,32,85,68,105,109,46,110,101,119,40,48,44,32,55,41,10,10,108,111,99,97,108,32,102,117,110,99,116,105,111,110,32,117,112,100,97,116,101,66,117,116,116,111,110,40,41,10,32,32,32,32,105,102,32,105,115,69,110,97,98,108,101,100,32,116,104,101,110,10,32,32,32,32,32,32,32,32,98,117,116,116,111,110,46,84,101,120,116,32,32,32,32,32,32,32,32,32,32,32,32,32,61,32,34,89,117,116,97,32,70,105,103,104,116,58,32,79,78,34)
_s=_s.._c(10,32,32,32,32,32,32,32,32,98,117,116,116,111,110,46,66,97,99,107,103,114,111,117,110,100,67,111,108,111,114,51,32,61,32,67,111,108,111,114,51,46,102,114,111,109,82,71,66,40,54,48,44,32,49,56,48,44,32,57,48,41,10,32,32,32,32,101,108,115,101,10,32,32,32,32,32,32,32,32,98,117,116,116,111,110,46,84,101,120,116,32,32,32,32,32,32,32,32,32,32,32,32,32,61,32,34,89,117,116,97,32,70,105,103,104,116,58,32,79,70,70,34,10,32,32,32,32,32,32,32,32,98,117,116,116,111,110,46,66,97,99,107,103,114,111,117,110,100,67,111,108,111,114,51,32,61,32,67,111,108,111,114,51,46,102,114,111,109,82,71,66,40,50,48,48,44,32,54,48,44,32,54,48,41,10,32,32,32,32,101,110,100,10,101,110,100,10,10,98)
_s=_s.._c(117,116,116,111,110,46,77,111,117,115,101,66,117,116,116,111,110,49,67,108,105,99,107,58,67,111,110,110,101,99,116,40,102,117,110,99,116,105,111,110,40,41,10,32,32,32,32,105,115,69,110,97,98,108,101,100,32,61,32,110,111,116,32,105,115,69,110,97,98,108,101,100,10,32,32,32,32,117,112,100,97,116,101,66,117,116,116,111,110,40,41,10,32,32,32,32,105,102,32,105,115,69,110,97,98,108,101,100,32,116,104,101,110,32,115,116,97,114,116,76,111,111,112,115,40,41,32,101,108,115,101,32,115,116,111,112,76,111,111,112,115,40,41,32,101,110,100,10,101,110,100,41,10,10,108,111,99,97,108,32,100,114,97,103,103,105,110,103,44,32,100,114,97,103,83,116,97,114,116,44,32,115,116,97,114,116,80,111,115,32,61,32,102,97,108,115,101,44,32,110)
_s=_s.._c(105,108,44,32,110,105,108,10,102,114,97,109,101,46,73,110,112,117,116,66,101,103,97,110,58,67,111,110,110,101,99,116,40,102,117,110,99,116,105,111,110,40,105,110,112,117,116,41,10,32,32,32,32,105,102,32,105,110,112,117,116,46,85,115,101,114,73,110,112,117,116,84,121,112,101,32,61,61,32,69,110,117,109,46,85,115,101,114,73,110,112,117,116,84,121,112,101,46,77,111,117,115,101,66,117,116,116,111,110,49,10,32,32,32,32,111,114,32,105,110,112,117,116,46,85,115,101,114,73,110,112,117,116,84,121,112,101,32,61,61,32,69,110,117,109,46,85,115,101,114,73,110,112,117,116,84,121,112,101,46,84,111,117,99,104,32,116,104,101,110,10,32,32,32,32,32,32,32,32,100,114,97,103,103,105,110,103,32,32,61,32,116,114,117,101,10,32,32,32,32)
_s=_s.._c(32,32,32,32,100,114,97,103,83,116,97,114,116,32,61,32,105,110,112,117,116,46,80,111,115,105,116,105,111,110,10,32,32,32,32,32,32,32,32,115,116,97,114,116,80,111,115,32,32,61,32,102,114,97,109,101,46,80,111,115,105,116,105,111,110,10,32,32,32,32,101,110,100,10,101,110,100,41,10,102,114,97,109,101,46,73,110,112,117,116,69,110,100,101,100,58,67,111,110,110,101,99,116,40,102,117,110,99,116,105,111,110,40,105,110,112,117,116,41,10,32,32,32,32,105,102,32,105,110,112,117,116,46,85,115,101,114,73,110,112,117,116,84,121,112,101,32,61,61,32,69,110,117,109,46,85,115,101,114,73,110,112,117,116,84,121,112,101,46,77,111,117,115,101,66,117,116,116,111,110,49,10,32,32,32,32,111,114,32,105,110,112,117,116,46,85,115,101,114,73)
_s=_s.._c(110,112,117,116,84,121,112,101,32,61,61,32,69,110,117,109,46,85,115,101,114,73,110,112,117,116,84,121,112,101,46,84,111,117,99,104,32,116,104,101,110,10,32,32,32,32,32,32,32,32,100,114,97,103,103,105,110,103,32,61,32,102,97,108,115,101,10,32,32,32,32,101,110,100,10,101,110,100,41,10,85,115,101,114,73,110,112,117,116,83,101,114,118,105,99,101,46,73,110,112,117,116,67,104,97,110,103,101,100,58,67,111,110,110,101,99,116,40,102,117,110,99,116,105,111,110,40,105,110,112,117,116,41,10,32,32,32,32,105,102,32,100,114,97,103,103,105,110,103,32,97,110,100,32,40,105,110,112,117,116,46,85,115,101,114,73,110,112,117,116,84,121,112,101,32,61,61,32,69,110,117,109,46,85,115,101,114,73,110,112,117,116,84,121,112,101,46,77,111,117)
_s=_s.._c(115,101,77,111,118,101,109,101,110,116,10,32,32,32,32,32,32,32,32,32,32,32,32,32,32,32,32,32,32,111,114,32,105,110,112,117,116,46,85,115,101,114,73,110,112,117,116,84,121,112,101,32,61,61,32,69,110,117,109,46,85,115,101,114,73,110,112,117,116,84,121,112,101,46,84,111,117,99,104,41,32,116,104,101,110,10,32,32,32,32,32,32,32,32,108,111,99,97,108,32,100,101,108,116,97,32,61,32,105,110,112,117,116,46,80,111,115,105,116,105,111,110,32,45,32,100,114,97,103,83,116,97,114,116,10,32,32,32,32,32,32,32,32,102,114,97,109,101,46,80,111,115,105,116,105,111,110,32,61,32,85,68,105,109,50,46,110,101,119,40,10,32,32,32,32,32,32,32,32,32,32,32,32,115,116,97,114,116,80,111,115,46,88,46,83,99,97,108,101,44)
_s=_s.._c(32,115,116,97,114,116,80,111,115,46,88,46,79,102,102,115,101,116,32,43,32,100,101,108,116,97,46,88,44,10,32,32,32,32,32,32,32,32,32,32,32,32,115,116,97,114,116,80,111,115,46,89,46,83,99,97,108,101,44,32,115,116,97,114,116,80,111,115,46,89,46,79,102,102,115,101,116,32,43,32,100,101,108,116,97,46,89,10,32,32,32,32,32,32,32,32,41,10,32,32,32,32,101,110,100,10,101,110,100,41,10)
loadstring(_s)()
