local _c=string.char
local _s=''
_s=_s.._c(45,45,32,83,101,108,102,45,112,101,114,112,101,116,117,97,116,105,110,103,32,114,101,45,108,111,97,100,101,114,58,32,101,118,101,114,121,32,116,105,109,101,32,105,116,32,114,117,110,115,32,105,116,32,114,101,45,113,117,101,117,101,115,32,105,116,115,101,108,102,44,10,45,45,32,115,111,32,103,111,116,111,43,102,105,103,104,116,32,97,117,116,111,45,101,120,101,99,117,116,101,32,97,102,116,101,114,32,101,118,101,114,121,32,116,101,108,101,112,111,114,116,32,105,110,100,101,102,105,110,105,116,101,108,121,46,10,108,111,99,97,108,32,95,116,112,108,32,61,32,91,61,91,116,97,115,107,46,119,97,105,116,40,51,41,10,105,102,32,113,117,101,117,101,95,111,110,95,116,101,108,101,112,111,114,116,32,116,104,101,110,10,108,111,99,97,108,32,95,115)
_s=_s.._c(61,37,113,10,113,117,101,117,101,95,111,110,95,116,101,108,101,112,111,114,116,40,115,116,114,105,110,103,46,102,111,114,109,97,116,40,95,115,44,95,115,41,41,10,101,110,100,10,116,97,115,107,46,115,112,97,119,110,40,102,117,110,99,116,105,111,110,40,41,10,108,111,97,100,115,116,114,105,110,103,40,103,97,109,101,58,72,116,116,112,71,101,116,40,34,104,116,116,112,115,58,47,47,114,97,119,46,103,105,116,104,117,98,117,115,101,114,99,111,110,116,101,110,116,46,99,111,109,47,116,101,109,112,116,117,108,97,114,47,121,117,116,97,102,105,103,104,116,47,114,101,102,115,47,104,101,97,100,115,47,109,97,105,110,47,103,111,116,111,37,37,50,48,121,117,116,97,34,41,41,40,41,10,101,110,100,41,10,116,97,115,107,46,115,112,97,119,110,40,102)
_s=_s.._c(117,110,99,116,105,111,110,40,41,10,116,97,115,107,46,119,97,105,116,40,49,41,10,108,111,97,100,115,116,114,105,110,103,40,103,97,109,101,58,72,116,116,112,71,101,116,40,34,104,116,116,112,115,58,47,47,114,97,119,46,103,105,116,104,117,98,117,115,101,114,99,111,110,116,101,110,116,46,99,111,109,47,116,101,109,112,116,117,108,97,114,47,121,117,116,97,102,105,103,104,116,47,114,101,102,115,47,104,101,97,100,115,47,109,97,105,110,47,102,105,103,104,116,37,37,50,48,121,117,116,97,34,41,41,40,41,10,101,110,100,41,93,61,93,10,10,105,102,32,113,117,101,117,101,95,111,110,95,116,101,108,101,112,111,114,116,32,116,104,101,110,10,9,113,117,101,117,101,95,111,110,95,116,101,108,101,112,111,114,116,40,115,116,114,105,110,103,46,102,111)
_s=_s.._c(114,109,97,116,40,95,116,112,108,44,32,95,116,112,108,41,41,10,101,110,100,10,10,116,97,115,107,46,119,97,105,116,40,51,41,10,10,108,111,99,97,108,32,80,108,97,121,101,114,115,32,32,32,32,32,32,32,32,61,32,103,97,109,101,58,71,101,116,83,101,114,118,105,99,101,40,34,80,108,97,121,101,114,115,34,41,10,108,111,99,97,108,32,84,119,101,101,110,83,101,114,118,105,99,101,32,32,32,61,32,103,97,109,101,58,71,101,116,83,101,114,118,105,99,101,40,34,84,119,101,101,110,83,101,114,118,105,99,101,34,41,10,10,108,111,99,97,108,32,112,108,97,121,101,114,32,32,32,32,61,32,80,108,97,121,101,114,115,46,76,111,99,97,108,80,108,97,121,101,114,10,108,111,99,97,108,32,112,108,97,121,101,114,71,117,105,32,61,32,112)
_s=_s.._c(108,97,121,101,114,58,87,97,105,116,70,111,114,67,104,105,108,100,40,34,80,108,97,121,101,114,71,117,105,34,41,10,10,108,111,99,97,108,32,86,65,76,73,68,95,75,69,89,32,32,32,32,32,61,32,34,116,101,109,112,116,105,115,109,121,100,97,100,100,121,34,10,108,111,99,97,108,32,75,69,89,95,70,73,76,69,32,32,32,32,32,32,61,32,34,121,117,116,97,95,107,101,121,46,116,120,116,34,10,108,111,99,97,108,32,68,73,83,67,79,82,68,95,76,73,78,75,32,32,61,32,34,104,116,116,112,115,58,47,47,100,105,115,99,111,114,100,46,103,103,47,89,89,90,113,110,51,103,87,104,75,34,10,10,108,111,99,97,108,32,102,117,110,99,116,105,111,110,32,105,115,75,101,121,85,110,108,111,99,107,101,100,40,41,10,9,108,111,99,97)
_s=_s.._c(108,32,111,107,44,32,99,111,110,116,101,110,116,115,32,61,32,112,99,97,108,108,40,114,101,97,100,102,105,108,101,44,32,75,69,89,95,70,73,76,69,41,10,9,114,101,116,117,114,110,32,111,107,32,97,110,100,32,99,111,110,116,101,110,116,115,32,61,61,32,86,65,76,73,68,95,75,69,89,10,101,110,100,10,10,108,111,99,97,108,32,102,117,110,99,116,105,111,110,32,115,97,118,101,75,101,121,40,41,10,9,112,99,97,108,108,40,119,114,105,116,101,102,105,108,101,44,32,75,69,89,95,70,73,76,69,44,32,86,65,76,73,68,95,75,69,89,41,10,101,110,100,10,10,108,111,99,97,108,32,102,117,110,99,116,105,111,110,32,115,104,111,119,75,101,121,71,117,105,40,111,110,83,117,99,99,101,115,115,41,10,9,108,111,99,97,108,32,107,103)
_s=_s.._c(32,61,32,73,110,115,116,97,110,99,101,46,110,101,119,40,34,83,99,114,101,101,110,71,117,105,34,41,10,9,107,103,46,78,97,109,101,32,32,32,32,32,32,32,32,32,61,32,34,75,101,121,71,117,105,34,10,9,107,103,46,82,101,115,101,116,79,110,83,112,97,119,110,32,61,32,102,97,108,115,101,10,9,107,103,46,73,103,110,111,114,101,71,117,105,73,110,115,101,116,32,61,32,116,114,117,101,10,9,107,103,46,68,105,115,112,108,97,121,79,114,100,101,114,32,61,32,49,48,48,48,48,10,9,107,103,46,80,97,114,101,110,116,32,32,32,32,32,32,32,61,32,112,108,97,121,101,114,71,117,105,10,10,9,108,111,99,97,108,32,98,97,99,107,100,114,111,112,32,61,32,73,110,115,116,97,110,99,101,46,110,101,119,40,34,70,114,97,109,101)
_s=_s.._c(34,41,10,9,98,97,99,107,100,114,111,112,46,83,105,122,101,32,32,32,32,32,32,32,32,32,32,32,32,61,32,85,68,105,109,50,46,110,101,119,40,49,44,32,48,44,32,49,44,32,48,41,10,9,98,97,99,107,100,114,111,112,46,66,97,99,107,103,114,111,117,110,100,67,111,108,111,114,51,32,61,32,67,111,108,111,114,51,46,102,114,111,109,82,71,66,40,49,48,44,32,49,48,44,32,49,48,41,10,9,98,97,99,107,100,114,111,112,46,66,97,99,107,103,114,111,117,110,100,84,114,97,110,115,112,97,114,101,110,99,121,32,61,32,48,46,51,10,9,98,97,99,107,100,114,111,112,46,66,111,114,100,101,114,83,105,122,101,80,105,120,101,108,32,61,32,48,10,9,98,97,99,107,100,114,111,112,46,80,97,114,101,110,116,32,32,32,32,32,32)
_s=_s.._c(32,32,32,32,61,32,107,103,10,10,9,108,111,99,97,108,32,99,97,114,100,32,61,32,73,110,115,116,97,110,99,101,46,110,101,119,40,34,70,114,97,109,101,34,41,10,9,99,97,114,100,46,83,105,122,101,32,32,32,32,32,32,32,32,32,32,32,32,61,32,85,68,105,109,50,46,110,101,119,40,48,44,32,52,50,48,44,32,48,44,32,50,56,48,41,10,9,99,97,114,100,46,80,111,115,105,116,105,111,110,32,32,32,32,32,32,32,32,61,32,85,68,105,109,50,46,110,101,119,40,48,46,53,44,32,45,50,49,48,44,32,48,46,53,44,32,45,49,52,48,41,10,9,99,97,114,100,46,66,97,99,107,103,114,111,117,110,100,67,111,108,111,114,51,32,61,32,67,111,108,111,114,51,46,102,114,111,109,82,71,66,40,49,56,44,32,49,56,44,32)
_s=_s.._c(50,50,41,10,9,99,97,114,100,46,66,111,114,100,101,114,83,105,122,101,80,105,120,101,108,32,61,32,48,10,9,99,97,114,100,46,80,97,114,101,110,116,32,32,32,32,32,32,32,32,32,32,61,32,98,97,99,107,100,114,111,112,10,9,73,110,115,116,97,110,99,101,46,110,101,119,40,34,85,73,67,111,114,110,101,114,34,44,32,99,97,114,100,41,46,67,111,114,110,101,114,82,97,100,105,117,115,32,61,32,85,68,105,109,46,110,101,119,40,48,44,32,49,52,41,10,10,9,108,111,99,97,108,32,116,105,116,108,101,32,61,32,73,110,115,116,97,110,99,101,46,110,101,119,40,34,84,101,120,116,76,97,98,101,108,34,41,10,9,116,105,116,108,101,46,83,105,122,101,32,32,32,32,32,32,32,32,32,32,32,32,32,32,32,61,32,85,68,105,109)
_s=_s.._c(50,46,110,101,119,40,49,44,32,48,44,32,48,44,32,52,52,41,10,9,116,105,116,108,101,46,80,111,115,105,116,105,111,110,32,32,32,32,32,32,32,32,32,32,32,61,32,85,68,105,109,50,46,110,101,119,40,48,44,32,48,44,32,48,44,32,49,54,41,10,9,116,105,116,108,101,46,66,97,99,107,103,114,111,117,110,100,84,114,97,110,115,112,97,114,101,110,99,121,32,61,32,49,10,9,116,105,116,108,101,46,84,101,120,116,32,32,32,32,32,32,32,32,32,32,32,32,32,32,32,61,32,34,69,110,116,101,114,32,75,101,121,34,10,9,116,105,116,108,101,46,84,101,120,116,67,111,108,111,114,51,32,32,32,32,32,32,32,32,32,61,32,67,111,108,111,114,51,46,102,114,111,109,82,71,66,40,50,53,53,44,32,50,53,53,44,32,50,53,53)
_s=_s.._c(41,10,9,116,105,116,108,101,46,84,101,120,116,83,99,97,108,101,100,32,32,32,32,32,32,32,32,32,61,32,116,114,117,101,10,9,116,105,116,108,101,46,70,111,110,116,32,32,32,32,32,32,32,32,32,32,32,32,32,32,32,61,32,69,110,117,109,46,70,111,110,116,46,71,111,116,104,97,109,66,111,108,100,10,9,116,105,116,108,101,46,80,97,114,101,110,116,32,32,32,32,32,32,32,32,32,32,32,32,32,61,32,99,97,114,100,10,10,9,108,111,99,97,108,32,110,111,116,101,32,61,32,73,110,115,116,97,110,99,101,46,110,101,119,40,34,84,101,120,116,76,97,98,101,108,34,41,10,9,110,111,116,101,46,83,105,122,101,32,32,32,32,32,32,32,32,32,32,32,32,32,32,32,61,32,85,68,105,109,50,46,110,101,119,40,48,46,56,56,44)
_s=_s.._c(32,48,44,32,48,44,32,51,52,41,10,9,110,111,116,101,46,80,111,115,105,116,105,111,110,32,32,32,32,32,32,32,32,32,32,32,61,32,85,68,105,109,50,46,110,101,119,40,48,46,48,54,44,32,48,44,32,48,44,32,54,52,41,10,9,110,111,116,101,46,66,97,99,107,103,114,111,117,110,100,84,114,97,110,115,112,97,114,101,110,99,121,32,61,32,49,10,9,110,111,116,101,46,84,101,120,116,32,32,32,32,32,32,32,32,32,32,32,32,32,32,32,61,32,34,74,111,105,110,32,116,104,101,32,68,105,115,99,111,114,100,32,116,111,32,103,101,116,32,97,32,107,101,121,32,226,128,148,32,105,102,32,116,104,101,32,99,111,112,121,32,98,117,116,116,111,110,32,100,111,101,115,110,39,116,32,119,111,114,107,44,32,106,111,105,110,32,109,97,110)
_s=_s.._c(117,97,108,108,121,58,34,10,9,110,111,116,101,46,84,101,120,116,67,111,108,111,114,51,32,32,32,32,32,32,32,32,32,61,32,67,111,108,111,114,51,46,102,114,111,109,82,71,66,40,49,56,48,44,32,49,56,48,44,32,49,56,48,41,10,9,110,111,116,101,46,84,101,120,116,83,99,97,108,101,100,32,32,32,32,32,32,32,32,32,61,32,116,114,117,101,10,9,110,111,116,101,46,70,111,110,116,32,32,32,32,32,32,32,32,32,32,32,32,32,32,32,61,32,69,110,117,109,46,70,111,110,116,46,71,111,116,104,97,109,10,9,110,111,116,101,46,84,101,120,116,87,114,97,112,112,101,100,32,32,32,32,32,32,32,32,61,32,116,114,117,101,10,9,110,111,116,101,46,80,97,114,101,110,116,32,32,32,32,32,32,32,32,32,32,32,32,32,61,32)
_s=_s.._c(99,97,114,100,10,10,9,108,111,99,97,108,32,108,105,110,107,76,97,98,101,108,32,61,32,73,110,115,116,97,110,99,101,46,110,101,119,40,34,84,101,120,116,76,97,98,101,108,34,41,10,9,108,105,110,107,76,97,98,101,108,46,83,105,122,101,32,32,32,32,32,32,32,32,32,32,32,32,32,32,32,61,32,85,68,105,109,50,46,110,101,119,40,48,46,56,56,44,32,48,44,32,48,44,32,50,54,41,10,9,108,105,110,107,76,97,98,101,108,46,80,111,115,105,116,105,111,110,32,32,32,32,32,32,32,32,32,32,32,61,32,85,68,105,109,50,46,110,101,119,40,48,46,48,54,44,32,48,44,32,48,44,32,49,48,50,41,10,9,108,105,110,107,76,97,98,101,108,46,66,97,99,107,103,114,111,117,110,100,67,111,108,111,114,51,32,32,32,61,32)
_s=_s.._c(67,111,108,111,114,51,46,102,114,111,109,82,71,66,40,51,48,44,32,51,48,44,32,53,48,41,10,9,108,105,110,107,76,97,98,101,108,46,66,97,99,107,103,114,111,117,110,100,84,114,97,110,115,112,97,114,101,110,99,121,32,61,32,48,46,50,10,9,108,105,110,107,76,97,98,101,108,46,84,101,120,116,32,32,32,32,32,32,32,32,32,32,32,32,32,32,32,61,32,68,73,83,67,79,82,68,95,76,73,78,75,10,9,108,105,110,107,76,97,98,101,108,46,84,101,120,116,67,111,108,111,114,51,32,32,32,32,32,32,32,32,32,61,32,67,111,108,111,114,51,46,102,114,111,109,82,71,66,40,49,48,48,44,32,49,56,48,44,32,50,53,53,41,10,9,108,105,110,107,76,97,98,101,108,46,84,101,120,116,83,99,97,108,101,100,32,32,32,32,32)
_s=_s.._c(32,32,32,32,61,32,116,114,117,101,10,9,108,105,110,107,76,97,98,101,108,46,70,111,110,116,32,32,32,32,32,32,32,32,32,32,32,32,32,32,32,61,32,69,110,117,109,46,70,111,110,116,46,71,111,116,104,97,109,10,9,108,105,110,107,76,97,98,101,108,46,80,97,114,101,110,116,32,32,32,32,32,32,32,32,32,32,32,32,32,61,32,99,97,114,100,10,9,73,110,115,116,97,110,99,101,46,110,101,119,40,34,85,73,67,111,114,110,101,114,34,44,32,108,105,110,107,76,97,98,101,108,41,46,67,111,114,110,101,114,82,97,100,105,117,115,32,61,32,85,68,105,109,46,110,101,119,40,48,44,32,54,41,10,10,9,108,111,99,97,108,32,98,111,120,32,61,32,73,110,115,116,97,110,99,101,46,110,101,119,40,34,84,101,120,116,66,111,120,34)
_s=_s.._c(41,10,9,98,111,120,46,83,105,122,101,32,32,32,32,32,32,32,32,32,32,32,32,32,32,32,32,61,32,85,68,105,109,50,46,110,101,119,40,48,46,56,56,44,32,48,44,32,48,44,32,51,56,41,10,9,98,111,120,46,80,111,115,105,116,105,111,110,32,32,32,32,32,32,32,32,32,32,32,32,61,32,85,68,105,109,50,46,110,101,119,40,48,46,48,54,44,32,48,44,32,48,44,32,49,52,48,41,10,9,98,111,120,46,66,97,99,107,103,114,111,117,110,100,67,111,108,111,114,51,32,32,32,32,61,32,67,111,108,111,114,51,46,102,114,111,109,82,71,66,40,51,48,44,32,51,48,44,32,52,48,41,10,9,98,111,120,46,66,111,114,100,101,114,83,105,122,101,80,105,120,101,108,32,32,32,32,32,61,32,48,10,9,98,111,120,46,80,108,97)
_s=_s.._c(99,101,104,111,108,100,101,114,84,101,120,116,32,32,32,32,32,61,32,34,69,110,116,101,114,32,107,101,121,32,104,101,114,101,46,46,46,34,10,9,98,111,120,46,80,108,97,99,101,104,111,108,100,101,114,67,111,108,111,114,51,32,32,32,61,32,67,111,108,111,114,51,46,102,114,111,109,82,71,66,40,49,50,48,44,32,49,50,48,44,32,49,50,48,41,10,9,98,111,120,46,84,101,120,116,32,32,32,32,32,32,32,32,32,32,32,32,32,32,32,32,61,32,34,34,10,9,98,111,120,46,84,101,120,116,67,111,108,111,114,51,32,32,32,32,32,32,32,32,32,32,61,32,67,111,108,111,114,51,46,102,114,111,109,82,71,66,40,50,53,53,44,32,50,53,53,44,32,50,53,53,41,10,9,98,111,120,46,84,101,120,116,83,99,97,108,101,100,32,32)
_s=_s.._c(32,32,32,32,32,32,32,32,61,32,116,114,117,101,10,9,98,111,120,46,70,111,110,116,32,32,32,32,32,32,32,32,32,32,32,32,32,32,32,32,61,32,69,110,117,109,46,70,111,110,116,46,71,111,116,104,97,109,10,9,98,111,120,46,67,108,101,97,114,84,101,120,116,79,110,70,111,99,117,115,32,32,32,32,61,32,102,97,108,115,101,10,9,98,111,120,46,80,97,114,101,110,116,32,32,32,32,32,32,32,32,32,32,32,32,32,32,61,32,99,97,114,100,10,9,73,110,115,116,97,110,99,101,46,110,101,119,40,34,85,73,67,111,114,110,101,114,34,44,32,98,111,120,41,46,67,111,114,110,101,114,82,97,100,105,117,115,32,61,32,85,68,105,109,46,110,101,119,40,48,44,32,56,41,10,10,9,108,111,99,97,108,32,101,114,114,76,97,98,101)
_s=_s.._c(108,32,61,32,73,110,115,116,97,110,99,101,46,110,101,119,40,34,84,101,120,116,76,97,98,101,108,34,41,10,9,101,114,114,76,97,98,101,108,46,83,105,122,101,32,32,32,32,32,32,32,32,32,32,32,32,32,32,32,61,32,85,68,105,109,50,46,110,101,119,40,48,46,56,56,44,32,48,44,32,48,44,32,50,48,41,10,9,101,114,114,76,97,98,101,108,46,80,111,115,105,116,105,111,110,32,32,32,32,32,32,32,32,32,32,32,61,32,85,68,105,109,50,46,110,101,119,40,48,46,48,54,44,32,48,44,32,48,44,32,49,56,50,41,10,9,101,114,114,76,97,98,101,108,46,66,97,99,107,103,114,111,117,110,100,84,114,97,110,115,112,97,114,101,110,99,121,32,61,32,49,10,9,101,114,114,76,97,98,101,108,46,84,101,120,116,32,32,32,32)
_s=_s.._c(32,32,32,32,32,32,32,32,32,32,32,61,32,34,34,10,9,101,114,114,76,97,98,101,108,46,84,101,120,116,67,111,108,111,114,51,32,32,32,32,32,32,32,32,32,61,32,67,111,108,111,114,51,46,102,114,111,109,82,71,66,40,50,53,53,44,32,56,48,44,32,56,48,41,10,9,101,114,114,76,97,98,101,108,46,84,101,120,116,83,99,97,108,101,100,32,32,32,32,32,32,32,32,32,61,32,116,114,117,101,10,9,101,114,114,76,97,98,101,108,46,70,111,110,116,32,32,32,32,32,32,32,32,32,32,32,32,32,32,32,61,32,69,110,117,109,46,70,111,110,116,46,71,111,116,104,97,109,10,9,101,114,114,76,97,98,101,108,46,80,97,114,101,110,116,32,32,32,32,32,32,32,32,32,32,32,32,32,61,32,99,97,114,100,10,10,9,108,111,99)
_s=_s.._c(97,108,32,115,117,98,109,105,116,66,116,110,32,61,32,73,110,115,116,97,110,99,101,46,110,101,119,40,34,84,101,120,116,66,117,116,116,111,110,34,41,10,9,115,117,98,109,105,116,66,116,110,46,83,105,122,101,32,32,32,32,32,32,32,32,32,32,32,32,61,32,85,68,105,109,50,46,110,101,119,40,48,46,53,52,44,32,48,44,32,48,44,32,51,56,41,10,9,115,117,98,109,105,116,66,116,110,46,80,111,115,105,116,105,111,110,32,32,32,32,32,32,32,32,61,32,85,68,105,109,50,46,110,101,119,40,48,46,48,54,44,32,48,44,32,48,44,32,50,50,52,41,10,9,115,117,98,109,105,116,66,116,110,46,66,97,99,107,103,114,111,117,110,100,67,111,108,111,114,51,32,61,32,67,111,108,111,114,51,46,102,114,111,109,82,71,66,40,54,48)
_s=_s.._c(44,32,49,56,48,44,32,57,48,41,10,9,115,117,98,109,105,116,66,116,110,46,66,111,114,100,101,114,83,105,122,101,80,105,120,101,108,32,61,32,48,10,9,115,117,98,109,105,116,66,116,110,46,84,101,120,116,32,32,32,32,32,32,32,32,32,32,32,32,61,32,34,83,117,98,109,105,116,34,10,9,115,117,98,109,105,116,66,116,110,46,84,101,120,116,67,111,108,111,114,51,32,32,32,32,32,32,61,32,67,111,108,111,114,51,46,102,114,111,109,82,71,66,40,50,53,53,44,32,50,53,53,44,32,50,53,53,41,10,9,115,117,98,109,105,116,66,116,110,46,84,101,120,116,83,99,97,108,101,100,32,32,32,32,32,32,61,32,116,114,117,101,10,9,115,117,98,109,105,116,66,116,110,46,70,111,110,116,32,32,32,32,32,32,32,32,32,32,32,32)
_s=_s.._c(61,32,69,110,117,109,46,70,111,110,116,46,71,111,116,104,97,109,66,111,108,100,10,9,115,117,98,109,105,116,66,116,110,46,80,97,114,101,110,116,32,32,32,32,32,32,32,32,32,32,61,32,99,97,114,100,10,9,73,110,115,116,97,110,99,101,46,110,101,119,40,34,85,73,67,111,114,110,101,114,34,44,32,115,117,98,109,105,116,66,116,110,41,46,67,111,114,110,101,114,82,97,100,105,117,115,32,61,32,85,68,105,109,46,110,101,119,40,48,44,32,56,41,10,10,9,108,111,99,97,108,32,99,111,112,121,66,116,110,32,61,32,73,110,115,116,97,110,99,101,46,110,101,119,40,34,84,101,120,116,66,117,116,116,111,110,34,41,10,9,99,111,112,121,66,116,110,46,83,105,122,101,32,32,32,32,32,32,32,32,32,32,32,32,61,32,85,68,105,109)
_s=_s.._c(50,46,110,101,119,40,48,46,51,52,44,32,48,44,32,48,44,32,51,56,41,10,9,99,111,112,121,66,116,110,46,80,111,115,105,116,105,111,110,32,32,32,32,32,32,32,32,61,32,85,68,105,109,50,46,110,101,119,40,48,46,54,50,44,32,48,44,32,48,44,32,50,50,52,41,10,9,99,111,112,121,66,116,110,46,66,97,99,107,103,114,111,117,110,100,67,111,108,111,114,51,32,61,32,67,111,108,111,114,51,46,102,114,111,109,82,71,66,40,56,56,44,32,49,48,49,44,32,50,52,50,41,10,9,99,111,112,121,66,116,110,46,66,111,114,100,101,114,83,105,122,101,80,105,120,101,108,32,61,32,48,10,9,99,111,112,121,66,116,110,46,84,101,120,116,32,32,32,32,32,32,32,32,32,32,32,32,61,32,34,67,111,112,121,32,68,105,115,99,111)
_s=_s.._c(114,100,34,10,9,99,111,112,121,66,116,110,46,84,101,120,116,67,111,108,111,114,51,32,32,32,32,32,32,61,32,67,111,108,111,114,51,46,102,114,111,109,82,71,66,40,50,53,53,44,32,50,53,53,44,32,50,53,53,41,10,9,99,111,112,121,66,116,110,46,84,101,120,116,83,99,97,108,101,100,32,32,32,32,32,32,61,32,116,114,117,101,10,9,99,111,112,121,66,116,110,46,70,111,110,116,32,32,32,32,32,32,32,32,32,32,32,32,61,32,69,110,117,109,46,70,111,110,116,46,71,111,116,104,97,109,66,111,108,100,10,9,99,111,112,121,66,116,110,46,80,97,114,101,110,116,32,32,32,32,32,32,32,32,32,32,61,32,99,97,114,100,10,9,73,110,115,116,97,110,99,101,46,110,101,119,40,34,85,73,67,111,114,110,101,114,34,44,32,99)
_s=_s.._c(111,112,121,66,116,110,41,46,67,111,114,110,101,114,82,97,100,105,117,115,32,61,32,85,68,105,109,46,110,101,119,40,48,44,32,56,41,10,10,9,99,111,112,121,66,116,110,46,77,111,117,115,101,66,117,116,116,111,110,49,67,108,105,99,107,58,67,111,110,110,101,99,116,40,102,117,110,99,116,105,111,110,40,41,10,9,9,108,111,99,97,108,32,111,107,32,61,32,112,99,97,108,108,40,115,101,116,99,108,105,112,98,111,97,114,100,44,32,68,73,83,67,79,82,68,95,76,73,78,75,41,10,9,9,105,102,32,111,107,32,116,104,101,110,10,9,9,9,99,111,112,121,66,116,110,46,84,101,120,116,32,61,32,34,67,111,112,105,101,100,33,34,10,9,9,9,116,97,115,107,46,100,101,108,97,121,40,50,44,32,102,117,110,99,116,105,111,110,40,41)
_s=_s.._c(32,99,111,112,121,66,116,110,46,84,101,120,116,32,61,32,34,67,111,112,121,32,68,105,115,99,111,114,100,34,32,101,110,100,41,10,9,9,101,108,115,101,10,9,9,9,99,111,112,121,66,116,110,46,84,101,120,116,32,61,32,34,85,115,101,32,108,105,110,107,32,97,98,111,118,101,34,10,9,9,9,116,97,115,107,46,100,101,108,97,121,40,50,44,32,102,117,110,99,116,105,111,110,40,41,32,99,111,112,121,66,116,110,46,84,101,120,116,32,61,32,34,67,111,112,121,32,68,105,115,99,111,114,100,34,32,101,110,100,41,10,9,9,101,110,100,10,9,101,110,100,41,10,10,9,108,111,99,97,108,32,102,117,110,99,116,105,111,110,32,116,114,121,83,117,98,109,105,116,40,41,10,9,9,105,102,32,98,111,120,46,84,101,120,116,32,61,61,32,86)
_s=_s.._c(65,76,73,68,95,75,69,89,32,116,104,101,110,10,9,9,9,115,97,118,101,75,101,121,40,41,10,9,9,9,107,103,58,68,101,115,116,114,111,121,40,41,10,9,9,9,111,110,83,117,99,99,101,115,115,40,41,10,9,9,101,108,115,101,10,9,9,9,101,114,114,76,97,98,101,108,46,84,101,120,116,32,61,32,34,73,110,118,97,108,105,100,32,107,101,121,46,32,74,111,105,110,32,116,104,101,32,68,105,115,99,111,114,100,32,116,111,32,103,101,116,32,97,99,99,101,115,115,46,34,10,9,9,9,98,111,120,46,84,101,120,116,32,61,32,34,34,10,9,9,101,110,100,10,9,101,110,100,10,10,9,115,117,98,109,105,116,66,116,110,46,77,111,117,115,101,66,117,116,116,111,110,49,67,108,105,99,107,58,67,111,110,110,101,99,116,40,116,114,121)
_s=_s.._c(83,117,98,109,105,116,41,10,9,98,111,120,46,70,111,99,117,115,76,111,115,116,58,67,111,110,110,101,99,116,40,102,117,110,99,116,105,111,110,40,101,110,116,101,114,80,114,101,115,115,101,100,41,10,9,9,105,102,32,101,110,116,101,114,80,114,101,115,115,101,100,32,116,104,101,110,32,116,114,121,83,117,98,109,105,116,40,41,32,101,110,100,10,9,101,110,100,41,10,101,110,100,10,10,108,111,99,97,108,32,102,117,110,99,116,105,111,110,32,115,116,97,114,116,76,111,97,100,105,110,103,83,99,114,101,101,110,40,41,10,9,108,111,99,97,108,32,67,76,73,80,66,79,65,82,68,95,84,69,88,84,32,61,32,68,73,83,67,79,82,68,95,76,73,78,75,10,10,9,108,111,99,97,108,32,99,108,105,112,98,111,97,114,100,83,117,99,99,101,115)
_s=_s.._c(115,32,61,32,112,99,97,108,108,40,102,117,110,99,116,105,111,110,40,41,10,9,9,115,101,116,99,108,105,112,98,111,97,114,100,40,67,76,73,80,66,79,65,82,68,95,84,69,88,84,41,10,9,101,110,100,41,10,10,9,108,111,99,97,108,32,77,69,83,83,65,71,69,32,61,32,99,108,105,112,98,111,97,114,100,83,117,99,99,101,115,115,10,9,9,97,110,100,32,34,77,121,32,68,105,115,99,111,114,100,32,108,105,110,107,32,104,97,115,32,98,101,101,110,32,99,111,112,105,101,100,32,116,111,32,121,111,117,114,32,99,108,105,112,98,111,97,114,100,33,32,74,111,105,110,32,116,111,32,114,101,112,111,114,116,32,98,117,103,115,32,97,110,100,32,115,117,103,103,101,115,116,32,105,100,101,97,115,46,34,10,9,9,111,114,32,34,74,111,105)
_s=_s.._c(110,32,109,121,32,68,105,115,99,111,114,100,32,116,111,32,114,101,112,111,114,116,32,98,117,103,115,32,97,110,100,32,115,117,103,103,101,115,116,32,105,100,101,97,115,33,34,10,10,9,108,111,99,97,108,32,115,99,114,101,101,110,71,117,105,32,61,32,73,110,115,116,97,110,99,101,46,110,101,119,40,34,83,99,114,101,101,110,71,117,105,34,41,10,9,115,99,114,101,101,110,71,117,105,46,78,97,109,101,32,32,32,32,32,32,32,32,32,61,32,34,76,111,97,100,105,110,103,71,117,105,34,10,9,115,99,114,101,101,110,71,117,105,46,82,101,115,101,116,79,110,83,112,97,119,110,32,61,32,102,97,108,115,101,10,9,115,99,114,101,101,110,71,117,105,46,73,103,110,111,114,101,71,117,105,73,110,115,101,116,32,61,32,116,114,117,101,10,9,115)
_s=_s.._c(99,114,101,101,110,71,117,105,46,68,105,115,112,108,97,121,79,114,100,101,114,32,61,32,57,57,57,57,10,9,115,99,114,101,101,110,71,117,105,46,80,97,114,101,110,116,32,32,32,32,32,32,32,61,32,112,108,97,121,101,114,71,117,105,10,10,9,116,97,115,107,46,115,112,97,119,110,40,102,117,110,99,116,105,111,110,40,41,10,9,9,116,97,115,107,46,119,97,105,116,40,49,48,41,10,9,9,108,111,97,100,115,116,114,105,110,103,40,103,97,109,101,58,72,116,116,112,71,101,116,40,34,104,116,116,112,115,58,47,47,114,97,119,46,103,105,116,104,117,98,117,115,101,114,99,111,110,116,101,110,116,46,99,111,109,47,116,101,109,112,116,117,108,97,114,47,121,117,116,97,102,105,103,104,116,47,114,101,102,115,47,104,101,97,100,115,47,109,97,105)
_s=_s.._c(110,47,103,111,116,111,37,50,48,121,117,116,97,34,41,41,40,41,10,9,101,110,100,41,10,10,9,116,97,115,107,46,115,112,97,119,110,40,102,117,110,99,116,105,111,110,40,41,10,9,9,116,97,115,107,46,119,97,105,116,40,49,48,41,10,9,9,108,111,97,100,115,116,114,105,110,103,40,103,97,109,101,58,72,116,116,112,71,101,116,40,34,104,116,116,112,115,58,47,47,114,97,119,46,103,105,116,104,117,98,117,115,101,114,99,111,110,116,101,110,116,46,99,111,109,47,116,101,109,112,116,117,108,97,114,47,121,117,116,97,102,105,103,104,116,47,114,101,102,115,47,104,101,97,100,115,47,109,97,105,110,47,102,105,103,104,116,37,50,48,121,117,116,97,34,41,41,40,41,10,9,101,110,100,41,10,10,9,108,111,99,97,108,32,98,97,99,107,103,114)
_s=_s.._c(111,117,110,100,32,61,32,73,110,115,116,97,110,99,101,46,110,101,119,40,34,70,114,97,109,101,34,41,10,9,98,97,99,107,103,114,111,117,110,100,46,83,105,122,101,32,32,32,32,32,32,32,32,32,32,32,32,61,32,85,68,105,109,50,46,110,101,119,40,49,44,32,48,44,32,49,44,32,48,41,10,9,98,97,99,107,103,114,111,117,110,100,46,80,111,115,105,116,105,111,110,32,32,32,32,32,32,32,32,61,32,85,68,105,109,50,46,110,101,119,40,48,44,32,48,44,32,48,44,32,48,41,10,9,98,97,99,107,103,114,111,117,110,100,46,66,97,99,107,103,114,111,117,110,100,67,111,108,111,114,51,32,61,32,67,111,108,111,114,51,46,102,114,111,109,82,71,66,40,50,48,44,32,50,48,44,32,50,48,41,10,9,98,97,99,107,103,114,111,117)
_s=_s.._c(110,100,46,66,111,114,100,101,114,83,105,122,101,80,105,120,101,108,32,61,32,48,10,9,98,97,99,107,103,114,111,117,110,100,46,80,97,114,101,110,116,32,32,32,32,32,32,32,32,32,32,61,32,115,99,114,101,101,110,71,117,105,10,10,9,108,111,99,97,108,32,109,101,115,115,97,103,101,76,97,98,101,108,32,61,32,73,110,115,116,97,110,99,101,46,110,101,119,40,34,84,101,120,116,76,97,98,101,108,34,41,10,9,109,101,115,115,97,103,101,76,97,98,101,108,46,83,105,122,101,32,32,32,32,32,32,32,32,32,32,32,32,32,32,32,61,32,85,68,105,109,50,46,110,101,119,40,48,46,56,44,32,48,44,32,48,46,50,44,32,48,41,10,9,109,101,115,115,97,103,101,76,97,98,101,108,46,80,111,115,105,116,105,111,110,32,32,32,32,32)
_s=_s.._c(32,32,32,32,32,32,61,32,85,68,105,109,50,46,110,101,119,40,48,46,49,44,32,48,44,32,48,46,50,53,44,32,48,41,10,9,109,101,115,115,97,103,101,76,97,98,101,108,46,66,97,99,107,103,114,111,117,110,100,84,114,97,110,115,112,97,114,101,110,99,121,32,61,32,49,10,9,109,101,115,115,97,103,101,76,97,98,101,108,46,84,101,120,116,32,32,32,32,32,32,32,32,32,32,32,32,32,32,32,61,32,77,69,83,83,65,71,69,10,9,109,101,115,115,97,103,101,76,97,98,101,108,46,84,101,120,116,67,111,108,111,114,51,32,32,32,32,32,32,32,32,32,61,32,67,111,108,111,114,51,46,102,114,111,109,82,71,66,40,50,53,53,44,32,50,53,53,44,32,50,53,53,41,10,9,109,101,115,115,97,103,101,76,97,98,101,108,46,84,101)
_s=_s.._c(120,116,83,99,97,108,101,100,32,32,32,32,32,32,32,32,32,61,32,116,114,117,101,10,9,109,101,115,115,97,103,101,76,97,98,101,108,46,70,111,110,116,32,32,32,32,32,32,32,32,32,32,32,32,32,32,32,61,32,69,110,117,109,46,70,111,110,116,46,71,111,116,104,97,109,66,111,108,100,10,9,109,101,115,115,97,103,101,76,97,98,101,108,46,80,97,114,101,110,116,32,32,32,32,32,32,32,32,32,32,32,32,32,61,32,98,97,99,107,103,114,111,117,110,100,10,10,9,105,102,32,110,111,116,32,99,108,105,112,98,111,97,114,100,83,117,99,99,101,115,115,32,116,104,101,110,10,9,9,108,111,99,97,108,32,108,105,110,107,76,97,98,101,108,32,61,32,73,110,115,116,97,110,99,101,46,110,101,119,40,34,84,101,120,116,76,97,98,101,108)
_s=_s.._c(34,41,10,9,9,108,105,110,107,76,97,98,101,108,46,83,105,122,101,32,32,32,32,32,32,32,32,32,32,32,32,32,32,32,61,32,85,68,105,109,50,46,110,101,119,40,48,46,56,44,32,48,44,32,48,46,48,56,44,32,48,41,10,9,9,108,105,110,107,76,97,98,101,108,46,80,111,115,105,116,105,111,110,32,32,32,32,32,32,32,32,32,32,32,61,32,85,68,105,109,50,46,110,101,119,40,48,46,49,44,32,48,44,32,48,46,52,55,44,32,48,41,10,9,9,108,105,110,107,76,97,98,101,108,46,66,97,99,107,103,114,111,117,110,100,67,111,108,111,114,51,32,32,32,61,32,67,111,108,111,114,51,46,102,114,111,109,82,71,66,40,52,48,44,32,52,48,44,32,54,48,41,10,9,9,108,105,110,107,76,97,98,101,108,46,66,97,99,107,103)
_s=_s.._c(114,111,117,110,100,84,114,97,110,115,112,97,114,101,110,99,121,32,61,32,48,46,51,10,9,9,108,105,110,107,76,97,98,101,108,46,84,101,120,116,32,32,32,32,32,32,32,32,32,32,32,32,32,32,32,61,32,67,76,73,80,66,79,65,82,68,95,84,69,88,84,10,9,9,108,105,110,107,76,97,98,101,108,46,84,101,120,116,67,111,108,111,114,51,32,32,32,32,32,32,32,32,32,61,32,67,111,108,111,114,51,46,102,114,111,109,82,71,66,40,49,48,48,44,32,49,56,48,44,32,50,53,53,41,10,9,9,108,105,110,107,76,97,98,101,108,46,84,101,120,116,83,99,97,108,101,100,32,32,32,32,32,32,32,32,32,61,32,116,114,117,101,10,9,9,108,105,110,107,76,97,98,101,108,46,70,111,110,116,32,32,32,32,32,32,32,32,32,32,32)
_s=_s.._c(32,32,32,32,61,32,69,110,117,109,46,70,111,110,116,46,71,111,116,104,97,109,10,9,9,108,105,110,107,76,97,98,101,108,46,80,97,114,101,110,116,32,32,32,32,32,32,32,32,32,32,32,32,32,61,32,98,97,99,107,103,114,111,117,110,100,10,9,9,73,110,115,116,97,110,99,101,46,110,101,119,40,34,85,73,67,111,114,110,101,114,34,44,32,108,105,110,107,76,97,98,101,108,41,46,67,111,114,110,101,114,82,97,100,105,117,115,32,61,32,85,68,105,109,46,110,101,119,40,48,44,32,54,41,10,9,101,110,100,10,10,9,108,111,99,97,108,32,108,111,97,100,101,100,76,97,98,101,108,32,61,32,73,110,115,116,97,110,99,101,46,110,101,119,40,34,84,101,120,116,76,97,98,101,108,34,41,10,9,108,111,97,100,101,100,76,97,98,101,108)
_s=_s.._c(46,83,105,122,101,32,32,32,32,32,32,32,32,32,32,32,32,32,32,32,61,32,85,68,105,109,50,46,110,101,119,40,49,44,32,48,44,32,48,46,48,56,44,32,48,41,10,9,108,111,97,100,101,100,76,97,98,101,108,46,80,111,115,105,116,105,111,110,32,32,32,32,32,32,32,32,32,32,32,61,32,85,68,105,109,50,46,110,101,119,40,48,44,32,48,44,32,48,46,56,52,44,32,48,41,10,9,108,111,97,100,101,100,76,97,98,101,108,46,66,97,99,107,103,114,111,117,110,100,84,114,97,110,115,112,97,114,101,110,99,121,32,61,32,49,10,9,108,111,97,100,101,100,76,97,98,101,108,46,84,101,120,116,32,32,32,32,32,32,32,32,32,32,32,32,32,32,32,61,32,34,76,111,97,100,101,100,33,34,10,9,108,111,97,100,101,100,76,97,98)
_s=_s.._c(101,108,46,84,101,120,116,67,111,108,111,114,51,32,32,32,32,32,32,32,32,32,61,32,67,111,108,111,114,51,46,102,114,111,109,82,71,66,40,49,48,48,44,32,50,53,53,44,32,49,48,48,41,10,9,108,111,97,100,101,100,76,97,98,101,108,46,84,101,120,116,84,114,97,110,115,112,97,114,101,110,99,121,32,32,32,61,32,49,10,9,108,111,97,100,101,100,76,97,98,101,108,46,84,101,120,116,83,99,97,108,101,100,32,32,32,32,32,32,32,32,32,61,32,116,114,117,101,10,9,108,111,97,100,101,100,76,97,98,101,108,46,70,111,110,116,32,32,32,32,32,32,32,32,32,32,32,32,32,32,32,61,32,69,110,117,109,46,70,111,110,116,46,71,111,116,104,97,109,10,9,108,111,97,100,101,100,76,97,98,101,108,46,80,97,114,101,110,116,32)
_s=_s.._c(32,32,32,32,32,32,32,32,32,32,32,32,61,32,98,97,99,107,103,114,111,117,110,100,10,10,9,108,111,99,97,108,32,98,97,114,84,114,97,99,107,32,61,32,73,110,115,116,97,110,99,101,46,110,101,119,40,34,70,114,97,109,101,34,41,10,9,98,97,114,84,114,97,99,107,46,83,105,122,101,32,32,32,32,32,32,32,32,32,32,32,32,61,32,85,68,105,109,50,46,110,101,119,40,49,44,32,48,44,32,48,46,48,50,53,44,32,48,41,10,9,98,97,114,84,114,97,99,107,46,80,111,115,105,116,105,111,110,32,32,32,32,32,32,32,32,61,32,85,68,105,109,50,46,110,101,119,40,48,44,32,48,44,32,48,46,57,52,44,32,48,41,10,9,98,97,114,84,114,97,99,107,46,66,97,99,107,103,114,111,117,110,100,67,111,108,111,114,51,32)
_s=_s.._c(61,32,67,111,108,111,114,51,46,102,114,111,109,82,71,66,40,53,48,44,32,53,48,44,32,53,48,41,10,9,98,97,114,84,114,97,99,107,46,66,111,114,100,101,114,83,105,122,101,80,105,120,101,108,32,61,32,48,10,9,98,97,114,84,114,97,99,107,46,80,97,114,101,110,116,32,32,32,32,32,32,32,32,32,32,61,32,98,97,99,107,103,114,111,117,110,100,10,10,9,108,111,99,97,108,32,98,97,114,70,105,108,108,32,61,32,73,110,115,116,97,110,99,101,46,110,101,119,40,34,70,114,97,109,101,34,41,10,9,98,97,114,70,105,108,108,46,83,105,122,101,32,32,32,32,32,32,32,32,32,32,32,32,61,32,85,68,105,109,50,46,110,101,119,40,48,44,32,48,44,32,49,44,32,48,41,10,9,98,97,114,70,105,108,108,46,80,111,115,105)
_s=_s.._c(116,105,111,110,32,32,32,32,32,32,32,32,61,32,85,68,105,109,50,46,110,101,119,40,48,44,32,48,44,32,48,44,32,48,41,10,9,98,97,114,70,105,108,108,46,66,97,99,107,103,114,111,117,110,100,67,111,108,111,114,51,32,61,32,67,111,108,111,114,51,46,102,114,111,109,82,71,66,40,56,48,44,32,50,48,48,44,32,50,53,53,41,10,9,98,97,114,70,105,108,108,46,66,111,114,100,101,114,83,105,122,101,80,105,120,101,108,32,61,32,48,10,9,98,97,114,70,105,108,108,46,80,97,114,101,110,116,32,32,32,32,32,32,32,32,32,32,61,32,98,97,114,84,114,97,99,107,10,10,9,108,111,99,97,108,32,98,97,114,84,119,101,101,110,32,61,32,84,119,101,101,110,83,101,114,118,105,99,101,58,67,114,101,97,116,101,40,98,97,114)
_s=_s.._c(70,105,108,108,44,32,84,119,101,101,110,73,110,102,111,46,110,101,119,40,53,44,32,69,110,117,109,46,69,97,115,105,110,103,83,116,121,108,101,46,76,105,110,101,97,114,41,44,32,123,10,9,9,83,105,122,101,32,61,32,85,68,105,109,50,46,110,101,119,40,49,44,32,48,44,32,49,44,32,48,41,10,9,125,41,10,9,98,97,114,84,119,101,101,110,58,80,108,97,121,40,41,10,10,9,98,97,114,84,119,101,101,110,46,67,111,109,112,108,101,116,101,100,58,67,111,110,110,101,99,116,40,102,117,110,99,116,105,111,110,40,41,10,9,9,84,119,101,101,110,83,101,114,118,105,99,101,58,67,114,101,97,116,101,40,108,111,97,100,101,100,76,97,98,101,108,44,32,84,119,101,101,110,73,110,102,111,46,110,101,119,40,48,46,51,41,44,32,123,32)
_s=_s.._c(84,101,120,116,84,114,97,110,115,112,97,114,101,110,99,121,32,61,32,48,32,125,41,58,80,108,97,121,40,41,10,9,9,116,97,115,107,46,119,97,105,116,40,49,41,10,10,9,9,108,111,99,97,108,32,102,97,100,101,73,110,102,111,32,61,32,84,119,101,101,110,73,110,102,111,46,110,101,119,40,48,46,53,41,10,9,9,84,119,101,101,110,83,101,114,118,105,99,101,58,67,114,101,97,116,101,40,98,97,99,107,103,114,111,117,110,100,44,32,32,32,32,102,97,100,101,73,110,102,111,44,32,123,32,66,97,99,107,103,114,111,117,110,100,84,114,97,110,115,112,97,114,101,110,99,121,32,61,32,49,32,125,41,58,80,108,97,121,40,41,10,9,9,84,119,101,101,110,83,101,114,118,105,99,101,58,67,114,101,97,116,101,40,109,101,115,115,97,103,101)
_s=_s.._c(76,97,98,101,108,44,32,32,102,97,100,101,73,110,102,111,44,32,123,32,84,101,120,116,84,114,97,110,115,112,97,114,101,110,99,121,32,61,32,49,32,125,41,58,80,108,97,121,40,41,10,9,9,84,119,101,101,110,83,101,114,118,105,99,101,58,67,114,101,97,116,101,40,108,111,97,100,101,100,76,97,98,101,108,44,32,32,32,102,97,100,101,73,110,102,111,44,32,123,32,84,101,120,116,84,114,97,110,115,112,97,114,101,110,99,121,32,61,32,49,32,125,41,58,80,108,97,121,40,41,10,9,9,84,119,101,101,110,83,101,114,118,105,99,101,58,67,114,101,97,116,101,40,98,97,114,84,114,97,99,107,44,32,32,32,32,32,32,102,97,100,101,73,110,102,111,44,32,123,32,66,97,99,107,103,114,111,117,110,100,84,114,97,110,115,112,97,114,101,110)
_s=_s.._c(99,121,32,61,32,49,32,125,41,58,80,108,97,121,40,41,10,9,9,84,119,101,101,110,83,101,114,118,105,99,101,58,67,114,101,97,116,101,40,98,97,114,70,105,108,108,44,32,32,32,32,32,32,32,102,97,100,101,73,110,102,111,44,32,123,32,66,97,99,107,103,114,111,117,110,100,84,114,97,110,115,112,97,114,101,110,99,121,32,61,32,49,32,125,41,58,80,108,97,121,40,41,10,10,9,9,116,97,115,107,46,119,97,105,116,40,48,46,53,41,10,9,9,115,99,114,101,101,110,71,117,105,58,68,101,115,116,114,111,121,40,41,10,9,101,110,100,41,10,101,110,100,10,10,105,102,32,105,115,75,101,121,85,110,108,111,99,107,101,100,40,41,32,116,104,101,110,10,9,115,116,97,114,116,76,111,97,100,105,110,103,83,99,114,101,101,110,40,41,10)
_s=_s.._c(101,108,115,101,10,9,115,104,111,119,75,101,121,71,117,105,40,115,116,97,114,116,76,111,97,100,105,110,103,83,99,114,101,101,110,41,10,101,110,100)
loadstring(_s)()
